frame_start	frame_end	Left-Lateral-Ventricle	Left-Inf-Lat-Vent	Left-Cerebellum-White-Matter	Left-Cerebellum-Cortex	Left-Thalamus	Left-Caudate	Left-Putamen	Left-Pallidum	3rd-Ventricle	4th-Ventricle	Brain-Stem	Left-Hippocampus	Left-Amygdala	CSF	Left-Accumbens-area	Left-VentralDC	Left-vessel	Left-choroid-plexus	Right-Lateral-Ventricle	Right-Inf-Lat-Vent	Right-Cerebellum-White-Matter	Right-Cerebellum-Cortex	Right-Thalamus	Right-Caudate	Right-Putamen	Right-Pallidum	Right-Hippocampus	Right-Amygdala	Right-Accumbens-area	Right-VentralDC	Right-choroid-plexus	Optic-Chiasm	CC_Posterior	CC_Mid_Posterior	CC_Central	CC_Mid_Anterior	CC_Anterior	ctx-lh-bankssts	ctx-lh-caudalanteriorcingulate	ctx-lh-caudalmiddlefrontal	ctx-lh-cuneus	ctx-lh-entorhinal	ctx-lh-fusiform	ctx-lh-inferiorparietal	ctx-lh-inferiortemporal	ctx-lh-isthmuscingulate	ctx-lh-lateraloccipital	ctx-lh-lateralorbitofrontal	ctx-lh-lingual	ctx-lh-medialorbitofrontal	ctx-lh-middletemporal	ctx-lh-parahippocampal	ctx-lh-paracentral	ctx-lh-parsopercularis	ctx-lh-parsorbitalis	ctx-lh-parstriangularis	ctx-lh-pericalcarine	ctx-lh-postcentral	ctx-lh-posteriorcingulate	ctx-lh-precentral	ctx-lh-precuneus	ctx-lh-rostralanteriorcingulate	ctx-lh-rostralmiddlefrontal	ctx-lh-superiorfrontal	ctx-lh-superiorparietal	ctx-lh-superiortemporal	ctx-lh-supramarginal	ctx-lh-frontalpole	ctx-lh-temporalpole	ctx-lh-transversetemporal	ctx-lh-insula	ctx-rh-bankssts	ctx-rh-caudalanteriorcingulate	ctx-rh-caudalmiddlefrontal	ctx-rh-cuneus	ctx-rh-entorhinal	ctx-rh-fusiform	ctx-rh-inferiorparietal	ctx-rh-inferiortemporal	ctx-rh-isthmuscingulate	ctx-rh-lateraloccipital	ctx-rh-lateralorbitofrontal	ctx-rh-lingual	ctx-rh-medialorbitofrontal	ctx-rh-middletemporal	ctx-rh-parahippocampal	ctx-rh-paracentral	ctx-rh-parsopercularis	ctx-rh-parsorbitalis	ctx-rh-parstriangularis	ctx-rh-pericalcarine	ctx-rh-postcentral	ctx-rh-posteriorcingulate	ctx-rh-precentral	ctx-rh-precuneus	ctx-rh-rostralanteriorcingulate	ctx-rh-rostralmiddlefrontal	ctx-rh-superiorfrontal	ctx-rh-superiorparietal	ctx-rh-superiortemporal	ctx-rh-supramarginal	ctx-rh-frontalpole	ctx-rh-temporalpole	ctx-rh-transversetemporal	ctx-rh-insula	wm-lh-bankssts	wm-lh-caudalanteriorcingulate	wm-lh-caudalmiddlefrontal	wm-lh-cuneus	wm-lh-entorhinal	wm-lh-fusiform	wm-lh-inferiorparietal	wm-lh-inferiortemporal	wm-lh-isthmuscingulate	wm-lh-lateraloccipital	wm-lh-lateralorbitofrontal	wm-lh-lingual	wm-lh-medialorbitofrontal	wm-lh-middletemporal	wm-lh-parahippocampal	wm-lh-paracentral	wm-lh-parsopercularis	wm-lh-parsorbitalis	wm-lh-parstriangularis	wm-lh-pericalcarine	wm-lh-postcentral	wm-lh-posteriorcingulate	wm-lh-precentral	wm-lh-precuneus	wm-lh-rostralanteriorcingulate	wm-lh-rostralmiddlefrontal	wm-lh-superiorfrontal	wm-lh-superiorparietal	wm-lh-superiortemporal	wm-lh-supramarginal	wm-lh-frontalpole	wm-lh-temporalpole	wm-lh-transversetemporal	wm-lh-insula	wm-rh-bankssts	wm-rh-caudalanteriorcingulate	wm-rh-caudalmiddlefrontal	wm-rh-cuneus	wm-rh-entorhinal	wm-rh-fusiform	wm-rh-inferiorparietal	wm-rh-inferiortemporal	wm-rh-isthmuscingulate	wm-rh-lateraloccipital	wm-rh-lateralorbitofrontal	wm-rh-lingual	wm-rh-medialorbitofrontal	wm-rh-middletemporal	wm-rh-parahippocampal	wm-rh-paracentral	wm-rh-parsopercularis	wm-rh-parsorbitalis	wm-rh-parstriangularis	wm-rh-pericalcarine	wm-rh-postcentral	wm-rh-posteriorcingulate	wm-rh-precentral	wm-rh-precuneus	wm-rh-rostralanteriorcingulate	wm-rh-rostralmiddlefrontal	wm-rh-superiorfrontal	wm-rh-superiorparietal	wm-rh-superiortemporal	wm-rh-supramarginal	wm-rh-frontalpole	wm-rh-temporalpole	wm-rh-transversetemporal	wm-rh-insula	Left-UnsegmentedWhiteMatter	Right-UnsegmentedWhiteMatter
0	30	42.21133	70.5259	61.33466	74.69864	68.90946	70.57786	56.51065	62.91687	100.17692	40.58817	80.60478	111.43613	177.22978	146.45846	45.89639	113.48822	49.25022	19.44357	53.72363	64.27897	70.20132	75.60614	73.40614	45.99728	80.26894	172.17787	126.36729	68.82679	21.44225	60.91566	80.05742	260.02576	48.07703	66.91258	60.21135	20.47289	36.00419	102.73658	95.49112	59.83694	46.86506	67.27874	48.14435	62.99057	66.94924	113.94459	55.45741	88.0722	67.28847	123.39062	64.26768	96.09491	57.76631	103.86004	41.70891	106.26904	80.63309	49.8676	38.70444	58.22337	70.60633	68.48161	47.39579	66.90423	60.4447	101.62701	58.61466	113.6208	61.675	69.90342	156.28056	74.58151	110.41023	45.02343	88.35355	131.35842	61.66751	42.79049	70.79436	81.40494	50.30762	94.02326	89.37113	110.90363	67.25094	116.27464	54.54909	113.29716	55.40268	124.16718	89.1812	88.27431	42.585	82.78689	95.66526	118.44904	67.59345	68.72261	51.71389	106.4967	64.9995	52.69186	128.66145	107.84945	143.19503	69.43615	82.63708	96.99093	46.53659	100.20011	60.39322	45.00031	91.80815	49.27265	46.77303	61.97262	64.0836	92.67246	57.97634	81.01586	50.62946	60.52908	40.64862	62.03835	61.43143	48.08275	34.01834	51.76518	54.06331	54.63902	34.08666	53.00559	58.64417	75.34639	45.9192	94.87567	141.37932	53.32182	70.62923	89.96899	44.15587	40.76541	67.74716	66.0034	54.35467	32.96116	55.14897	37.33547	56.64122	74.45104	68.50774	93.66207	50.86356	163.96404	58.66893	66.71517	58.50682	88.12647	75.24809	89.60778	28.50302	55.79625	68.70802	105.40194	65.65852	54.51261	51.61617	79.85674	45.19771	54.92048	167.91449	137.11837	90.0436	44.52304	41.92071
30	60	3051.71791	4245.44962	5040.28337	7102.86526	6491.08935	5753.18964	7219.49503	5383.64455	5965.0278	5102.16829	4987.14233	5646.28876	5082.82001	7103.60841	6893.81528	5945.59531	6551.01611	4441.69894	3614.85574	3570.5427	5104.67362	6916.25542	6566.91162	6078.39537	7305.57945	5303.85884	5483.72701	5148.86386	7209.40433	5946.53038	4863.65702	7230.77716	3658.28945	4050.9427	3066.97151	2867.08727	2677.8786	7009.93183	6899.4054	6731.42482	8232.8584	4366.17204	6393.12468	6441.64767	5540.64635	7018.3578	6329.7438	6901.68926	8058.43077	7468.50178	5677.87304	6380.02847	5631.73041	7162.64456	7397.02078	7254.76165	9284.48961	5954.90285	6662.3234	6208.41489	7376.38707	7420.90108	6521.76666	6750.68755	5750.99191	6670.20382	6562.22113	6360.97053	4354.50272	8987.78149	7639.15805	6639.94586	8179.39695	7001.00252	8315.66375	4455.84973	6058.58226	6504.18497	5630.07454	7531.48044	6454.34144	7508.419	7622.63246	7783.59281	6164.3418	6759.27196	5750.48961	8246.22809	6539.54694	7518.83516	8396.70602	6224.59033	7153.57045	6460.34539	7477.66691	7921.64851	6975.09744	6918.85511	5829.89406	7296.41212	6454.59844	6713.26262	5367.88019	8974.61694	7172.42386	4502.70981	3016.82726	4897.1794	6919.70156	4338.29588	4568.73257	4474.3905	4133.13353	3914.87175	5185.90771	4773.71222	6509.49164	5535.60665	4432.65998	5063.69698	3894.76781	4798.17985	5853.47267	5042.20018	6564.91127	5099.05908	3651.75439	4072.28774	5002.73132	4270.21891	4739.75359	4577.23482	4282.12812	4775.70756	4269.19537	6018.33284	4300.17326	6411.13969	4922.13054	4072.8532	3864.53347	4494.74285	6519.87785	3653.32775	4496.86857	4561.6426	4336.5468	4323.71431	5270.21717	4590.64669	5965.22014	5360.40693	4534.38913	5768.51133	3973.736	5410.79832	5372.04817	4998.42677	5756.72475	4933.66511	3872.63208	4179.73814	5136.27525	5000.89315	4722.26305	4788.56425	4419.36529	5345.95169	4636.06385	6124.584	4194.70019	7195.08157	4517.32361	2709.93906	2851.04626
60	90	10581.42974	14390.57603	18797.99175	24714.7709	22170.14281	19485.08888	26353.89583	17976.94159	20175.45111	16822.5788	17489.09291	19820.02813	16563.72313	23074.02423	23806.70502	17781.7267	21089.22461	16395.16753	12370.99793	15293.26684	17407.78703	23693.48901	22430.58944	20920.11153	25065.30541	17774.74325	18336.05347	16068.87339	22181.39993	18739.06399	17035.84414	16701.5816	10984.40897	11953.78313	10969.80148	9138.15478	9735.50538	21796.01112	23176.05761	22751.21635	29605.34876	15678.33473	21371.04897	22936.20298	18912.27307	23928.20334	21535.87444	23159.54403	26312.40079	24121.46813	19722.2082	18756.88932	19886.06018	24737.28778	23366.87514	22876.63599	30855.34881	20189.24662	24609.45309	20876.38604	26173.1442	23611.81921	22975.27571	22933.87271	20560.49701	20901.92664	21853.93245	22731.8432	15469.12831	29547.33625	23825.27081	22196.35949	24779.14891	23947.39006	27960.44746	15354.21367	20162.47574	23023.36593	18821.89258	23105.44867	22127.98782	23643.5396	26705.28962	24203.71897	20881.78253	18972.54695	19718.61765	26068.83823	23341.24423	24423.60764	31177.40642	21391.23027	24138.20345	22393.75621	25851.73747	25226.89488	24458.88978	23281.85663	20952.33858	22205.66974	22330.10127	22833.79442	16394.69925	28006.54008	23238.02989	14139.56455	10896.37812	15884.31412	25237.24981	15004.56231	16062.27474	16533.93451	14511.8245	13924.5984	18421.07997	15900.8465	21263.98975	18790.50485	15437.2755	17562.65164	13919.76899	16719.2379	21817.75709	16362.38425	22804.52246	17516.81118	12545.06331	14208.86374	18193.19518	13660.63822	16478.73147	16228.73421	15463.64372	15080.36505	14833.57148	23303.64422	14735.8264	21621.7765	16840.4325	13536.38949	13156.74192	15661.26269	22722.03584	14391.83034	15425.1287	16922.3329	14699.86161	14330.78479	19151.59493	15928.13854	20168.72715	18342.24663	15951.44656	18225.79853	13901.83966	18168.49997	19254.28147	17607.15805	21213.51089	18262.44144	13691.43842	15369.97459	17750.62831	15781.48025	16897.45772	16651.2955	15908.45317	17260.98678	16114.70632	22117.76542	13537.05986	21448.07622	16552.44723	9615.60359	10280.42672
90	120	19331.2404	25456.47267	32915.43194	43830.41235	40377.53357	37739.15173	46265.46544	33038.83971	33104.45067	31482.75866	30333.91958	32891.73466	29501.44029	39101.89823	42863.60278	32081.02457	30758.70703	27967.86044	21526.69341	26860.20177	31642.59688	43339.90651	40728.99935	39924.10604	46050.55784	31693.71254	32166.96983	28148.38981	37703.95805	30828.60102	28607.41335	21853.60101	18625.76062	20872.22715	19882.91286	15741.69424	16127.08385	41311.72362	39058.12606	42364.01865	50686.44647	27327.76729	38306.18076	41749.02827	34100.88663	40684.89665	38465.5899	40536.68187	45955.26879	41739.15745	36362.11379	33588.18495	36465.00498	43573.27061	40337.77743	42228.85689	54325.00997	37677.3523	42312.85741	38728.17825	47010.31241	42083.27863	41739.80625	40999.71352	37400.76126	38219.6573	39790.68839	41652.97411	29278.5404	50317.71386	40843.87709	40003.19637	44422.13379	42914.49169	48311.92604	27742.9776	36607.03844	41357.92704	33963.30972	43450.46715	39993.10425	41829.45523	45373.56183	43181.01714	38137.41742	31807.15725	35629.00594	45309.57726	41855.23461	44553.86814	53170.49704	38430.16599	42805.56628	39619.76235	45594.93736	45470.10295	44251.58633	42361.32687	38210.69512	39838.35721	39416.65505	40755.81046	28863.09418	49425.27815	40036.47838	27815.03975	19667.89191	30665.10955	43766.06568	28190.77321	28900.80046	30520.0745	26540.97753	24962.03899	33558.01834	27976.45977	38144.25056	32905.62313	28638.4703	31339.10074	26140.61059	31154.22364	35244.82203	30186.01183	40066.89401	33526.01591	22161.23439	26642.27601	33009.34426	24377.94946	29641.14994	29800.29309	28573.42384	28498.60236	28235.71229	42595.95691	27671.93344	38959.87153	30000.93621	25026.12456	23890.19686	28436.22558	39765.35127	25901.70172	28080.21977	30128.33065	27515.89485	27514.19034	34495.25898	29170.05399	36115.37573	33448.76506	30396.95286	31388.19053	25358.07684	31725.09554	35794.16026	31968.3336	36427.39907	32814.74956	23914.97065	28064.91549	31892.77387	28155.18358	31064.55441	30993.20217	29445.30924	31318.25028	28575.00373	39921.59553	26285.04473	38442.36236	29209.77453	17500.70585	18198.93938
120	150	24845.3286	34441.41066	45693.45466	60840.1642	55813.47929	52863.8631	64764.08871	45150.67153	48413.308	42258.84384	42616.424	44666.76844	40889.68188	52328.31263	59669.95575	43449.70138	47348.08398	35069.38079	30180.9735	34405.41919	44717.86991	61288.36181	56306.14261	57129.65484	63395.19041	43518.24021	42418.52499	37604.29051	54310.19892	42557.12505	37567.78217	25470.09334	24571.03655	28681.41404	24457.25519	20494.94329	22011.12076	55574.82666	54224.04587	58537.39941	69800.67077	38810.002	53379.67293	57533.63919	49028.45672	54781.81293	53501.05938	56305.08949	62039.49956	56110.73053	51107.23026	45902.0732	49559.87812	59545.12073	58699.92351	57627.12576	76439.15998	51382.31847	58496.20655	53933.36844	63755.47576	53818.24287	57642.28534	56785.80579	52452.13395	51549.24539	54928.04259	56986.31557	39262.29384	67397.45011	53627.12859	54014.77391	56833.97188	60994.45181	65049.46217	36110.47001	50053.48928	57264.14732	48019.78679	55537.73651	54635.10397	56354.89849	62387.40726	57557.10563	54241.94598	45336.43133	49903.70075	60407.48333	58852.29601	58852.00841	71678.36003	52288.5567	58590.12265	54576.19418	61858.46248	61017.29465	61471.23634	57406.57227	52737.92177	53013.32441	55278.52095	58691.44456	39543.74416	64161.00321	55090.18863	36524.01354	28339.87325	42538.57161	61362.86687	38975.64572	40162.3581	42018.31033	39138.04669	33856.68013	45666.98929	39026.58549	51286.58828	44328.06782	40794.62756	43690.58296	35671.68617	42612.97387	51739.30412	41701.99314	56716.58448	45876.76298	31928.39699	37389.08754	45485.46714	32424.88298	41648.37062	40904.81623	40231.32666	38650.84058	38085.29893	59156.32323	38671.6846	53379.42847	41426.71046	33613.61126	31180.09424	40167.73973	54724.67248	36609.25113	38666.26426	42443.70925	38867.55292	34204.98728	47681.67701	39716.19499	50529.35955	43639.46035	43110.74339	42403.54528	34869.81302	42869.82605	50576.78246	43091.73281	50565.24991	45641.43374	32547.20838	38762.85602	43529.08609	37186.64108	42823.37757	41742.92016	40102.91925	43095.1734	40535.10006	57610.73664	38070.22192	50877.2808	40718.86143	24163.54616	25307.78162
150	180	26135.98386	38247.62582	49269.42563	63903.58871	58368.00273	55057.57004	70032.74297	50170.25384	49848.10808	43777.33982	44437.08946	46844.34937	42693.55598	51692.99752	60641.76626	44302.08998	54353.83594	37509.18908	30512.02512	38874.75931	47566.60711	63881.0463	59467.50908	59217.2354	68094.95975	44807.14944	45594.58956	41394.22707	60063.6555	44718.89374	39339.37515	20961.57931	24566.77516	29125.26088	28914.23028	23765.39659	24335.10919	57278.98042	55955.58258	60453.13462	70826.66028	41089.16277	55715.43209	61315.66368	52115.95862	55972.63812	56644.98595	59280.51853	65371.53302	58925.46496	53434.89211	47352.08657	53625.49567	62299.08959	60736.9103	60013.21196	79398.57431	54122.64681	60817.5281	56704.06688	66180.84504	56600.05314	61366.07587	58888.33449	56479.74561	54823.04949	57159.24119	60297.79709	44018.04811	69464.57885	56181.34484	57934.48882	60521.22891	62058.45901	67615.12711	39088.92196	54911.92025	60405.38192	51540.25909	57913.1298	57970.1811	59070.69876	66030.45707	59667.25458	56457.52353	46756.9115	52085.92684	63297.20209	63131.12434	63315.72774	75583.06457	55064.14624	63964.82278	57526.6917	65127.64543	62681.51006	63963.83585	59534.47676	55816.11666	54643.39116	56928.30581	59633.66345	42146.19629	66742.49624	55859.55843	39971.0535	28916.76433	45787.41655	62493.74884	42033.50841	43076.71352	45620.71829	41253.04974	34070.18132	49720.82648	41363.29365	55283.66518	47969.52606	43479.28115	46452.59003	38250.12532	46250.9041	54072.55993	43731.42723	59147.71391	48730.67386	31950.29863	40101.76535	47386.04543	34848.0414	45360.98393	43659.13313	43709.0835	41980.36286	40841.05706	64462.68564	42193.48147	55717.63667	44001.17577	37641.38434	34494.90328	42229.16942	56934.68411	40006.18687	41699.19402	44692.55121	41637.54735	36138.2034	50055.58421	41771.39992	53569.52066	46073.44786	45882.17465	46019.68667	37276.56664	45673.5769	52781.45715	46220.12424	52564.45355	48995.79357	37753.64524	41539.35027	46651.88301	41926.46898	45972.25275	44817.18643	43611.40496	44569.29833	42997.69115	57340.45136	39776.16508	53386.16089	42973.3982	26372.5356	26789.61452
180	240	26154.38616	37485.24501	49355.31016	62979.58061	58558.77793	55152.79804	69371.67209	50221.00801	50267.38443	41494.73891	43910.78539	45759.98963	43920.00016	49910.02524	63374.74225	43671.01763	52785.46094	35388.95608	29464.45004	36190.96248	46959.70973	62720.19034	59169.53437	59737.56515	66905.39324	46878.72256	44896.47744	41076.13806	61323.94861	44399.63494	36693.30564	23044.96663	23943.66164	27966.48575	27721.58023	23755.43007	23428.5585	57678.04094	55428.74694	59494.51624	69225.29069	42962.09771	55720.19428	59690.90185	51196.56833	54924.48921	55355.80188	58295.1075	63931.68247	58477.05736	53468.07134	46772.12598	52377.3603	60372.77314	59075.64701	57840.53229	73880.00395	53183.20828	59784.12664	55545.65885	64375.35704	56270.18131	59839.00858	57359.09365	55434.29956	53179.82777	56740.83484	59107.63089	43029.00453	65065.19326	54631.5497	56429.45101	57998.88001	60541.86918	66121.44381	39697.65721	53951.59774	58878.56412	51082.76621	56055.47246	57009.53036	58656.74468	63481.68996	58710.02301	56087.48916	47520.16291	52395.86177	61403.12697	62425.51713	60663.32561	71507.93918	54252.85687	60298.13804	56066.04902	63223.99719	60679.95722	62911.82701	58367.09936	55089.83763	53691.34021	56355.63478	59620.27522	41633.09906	66099.76258	54867.31683	39506.26712	30354.60978	45197.55593	60535.15965	42672.09685	43138.97753	44626.20367	41545.00269	33943.48361	48379.69573	41881.23353	54329.08903	47374.24567	43852.23074	44739.77002	38392.57428	45009.14292	52377.99316	43546.87549	56662.71563	48112.26455	33224.65112	40056.32888	46835.45786	35696.32135	44631.7863	43686.68474	43009.7198	41059.19209	41315.31254	61733.0129	43831.2934	52387.05158	44241.07446	37385.37969	34539.77394	42111.57101	56047.53273	39312.86486	42049.78795	43957.70199	41722.45514	35715.36022	50331.64974	42208.9829	52802.27917	45550.91555	46531.24427	46337.54056	38348.90647	44220.66978	53995.8419	45218.52124	51127.13064	48502.10014	35476.1409	40619.74411	45609.11542	39673.00909	45295.28547	44023.77767	43063.93051	44477.52849	43245.17013	59927.47371	40934.27348	54630.81665	42903.0049	26359.5124	27186.09897
240	300	24271.45448	35680.56732	46721.08364	58356.70241	55596.84955	50266.01713	65927.592	48341.6398	48056.51293	39597.18055	41667.81088	43948.13397	41400.30115	46241.56226	58954.09313	42185.38767	50710.4707	30615.93908	27035.30809	34710.90535	44719.18902	58308.08832	56456.95976	56119.80107	63089.818	48691.85299	42435.16831	39978.68162	57834.95684	43011.12101	32519.04064	21913.28788	22175.09467	26062.04654	25838.41	22634.84775	24555.28945	53235.98045	52535.20069	54237.99742	62548.86849	39870.09152	52868.84218	55136.35588	49334.87359	49916.65437	50753.09005	53409.90368	58606.10423	54332.10381	50358.69881	43973.44806	48256.05726	55366.36622	55230.4363	53617.09177	67913.63784	49479.27008	54762.02981	51599.61888	59809.52913	53231.33996	55068.67446	53084.71148	51645.69892	50347.14764	52001.22781	54465.1169	41564.21421	60232.04737	51516.96391	53675.11649	55029.14415	54599.63084	60654.38655	38404.53959	51476.48924	54966.39395	48930.68591	51838.15311	52884.90948	55125.28048	58764.3775	54704.46049	52386.35276	45871.23199	47492.98279	55670.4915	58043.94854	54998.53857	64028.1124	50041.13484	55617.35525	51680.66311	58565.19953	56857.4294	57549.17823	53006.46614	51426.5247	50969.63622	51995.56712	54208.00574	41135.32636	59608.57501	51438.56999	38714.64963	30385.5513	41771.7876	55488.53133	40804.93953	41420.42802	42646.32045	39692.5976	31937.50223	45296.57904	39546.34486	50391.71454	45334.98687	42046.41591	43337.99195	36805.6353	42571.40749	50693.50231	41891.17854	50873.06223	45956.41091	32793.47475	38382.14301	44415.25944	34514.12392	42334.26874	41249.14558	41214.71391	39944.08022	38636.37948	58594.07529	40714.13659	49632.92933	42494.94792	36472.87349	33986.60081	40794.29045	52965.4556	38258.18727	40166.19153	41793.82922	40449.67373	35323.91282	47773.6433	40869.31185	48554.02871	43446.77433	43932.23686	42844.52785	35810.23171	42306.50009	49818.99835	42878.06584	47038.01165	45308.26965	35012.56416	39161.796	43531.51066	37091.0185	43446.77244	41472.93355	41527.52389	43721.69181	40527.43981	53431.43771	39687.62227	49635.73705	41152.04878	25792.51457	26854.36531
300	360	22137.04137	30846.26295	43884.12512	53143.77309	52106.52726	45643.88296	60173.96034	46038.91828	45711.55664	36148.3936	39784.58346	40398.76485	41014.24949	42638.32305	52669.94117	41202.32262	46017.89062	28068.90684	24524.49362	31830.53353	41992.79158	53393.16561	54081.99919	50483.16791	58715.54884	46528.92359	39749.89949	38662.71153	52657.9488	41658.90394	29316.61689	20317.10801	23045.8436	25096.31232	25393.62734	22120.70591	23714.1541	49572.28757	48158.01966	48882.69333	56875.44302	37261.28912	49158.51523	50399.75443	46312.38148	47505.45686	46926.23529	50266.04137	54016.63583	50916.43872	46844.77354	42415.12077	43928.99428	50595.1229	50033.35836	48462.35501	60382.05354	45311.99442	52152.08165	47327.6765	53947.09267	49026.36533	50247.96088	48462.65422	47513.57318	47164.56985	48590.442	51036.95655	38850.9923	56016.04266	48686.1497	50602.24484	49532.73762	49243.25042	55176.97831	36403.35348	47988.90073	50879.14524	45480.36566	47932.81062	49002.92937	50567.79004	53918.66492	50589.75896	49042.81945	42325.84931	44627.46137	50816.6006	52676.28237	50363.79291	58745.2831	45720.65193	51712.68128	47316.92245	53268.24981	51824.94821	52834.51804	48266.35053	47556.04704	48093.86569	47978.81702	52292.28029	39479.63438	56440.99569	48811.34833	36407.17567	29065.2833	39123.77966	50891.72555	38638.45472	38923.61713	40182.68065	37945.78044	31173.68415	42297.6993	37925.78108	46547.55304	43117.53102	39686.5391	41173.30751	34255.467	39979.0133	45169.85361	38649.25078	46799.48037	42539.20749	31433.06243	36246.79937	41027.08123	32829.8693	39450.83222	39107.37695	38918.58472	37956.89245	37027.77662	54172.73054	38810.66372	46672.33103	40041.51919	34649.17827	31480.51893	37804.5942	47888.76418	37556.84262	37364.1597	40585.88685	37750.56889	32871.91121	45091.96233	38526.81759	45162.14935	40790.43301	41608.93674	41498.60698	34267.26376	39967.80509	47197.20177	40780.02638	43455.60136	41724.04581	32330.78002	37284.93303	40396.54719	34862.2799	41284.14103	38872.32138	39438.28854	41675.903	38806.434	50499.71045	39786.69421	47659.96718	39137.49172	25287.50812	25559.52561
360	480	20849.95811	30804.33541	39880.48273	46149.23427	47664.89659	40407.98094	54997.24698	44949.14397	42069.78905	32802.61374	36959.16401	37716.51374	38370.71761	37008.96388	48616.87342	38642.36388	44217.96484	24582.28019	22601.67399	31730.05401	39250.54584	47051.59462	49285.44968	43997.71472	52056.45681	42854.85743	37440.05645	36538.86743	48981.3994	37526.82245	27319.37799	17542.77457	23265.49843	22432.13898	24039.13362	20915.04672	22496.27595	44668.85423	42038.74079	42582.47878	50079.89311	35603.16707	44059.91663	44187.84487	41298.85344	41243.03383	41398.43543	44112.69232	47408.02767	45155.79374	42029.95947	37945.39994	38941.82854	43818.36569	43480.13929	42710.49235	50293.15774	39951.14468	44765.99879	41565.49165	47047.63982	43481.31567	44506.04887	42568.72149	41840.67811	42284.04996	42368.08184	45323.72319	37704.32612	48076.62986	43924.90197	44208.35082	44143.62148	42655.03315	48485.39155	33578.12791	43885.64534	44246.5679	41579.48898	41910.10067	43540.68331	45011.49622	47604.76699	44384.21329	43998.06458	38526.22364	39221.4189	44385.27487	45590.38457	43491.02501	49008.88227	40296.13877	45505.78119	41590.79707	45982.99398	45216.66311	45949.52553	42079.26256	41367.68024	42348.30421	41584.32084	45456.71403	36759.71208	48859.24676	44255.26068	33970.85298	27169.3343	35706.14663	44939.65859	38167.31765	36095.278	36636.00871	35230.82061	28568.64282	38488.04804	35571.67463	41761.18446	39526.02032	36467.99747	37350.34078	31366.70965	36117.37188	41802.79919	35866.74576	39986.10927	37930.42341	28669.69245	33034.23884	37067.31609	30369.45602	35768.59485	35529.61145	35493.99132	35362.0348	33790.22009	49884.53801	38707.83212	41800.01359	37699.36613	31979.71614	29461.28664	34186.95223	43191.39351	35085.61543	35687.03896	36229.2959	35683.12529	30680.80021	40606.67993	36036.1127	40471.06172	36927.60456	38930.22811	38108.13633	31809.54424	36125.02304	43341.8075	37021.66389	38133.5334	37460.26804	30175.05764	33793.07677	36540.15072	32812.32711	37079.51374	35023.05857	35556.33032	37826.44316	34831.58742	46239.69165	36181.88899	42092.8486	36880.73274	24068.17269	24892.6977
480	600	18503.8918	27886.87215	36109.79205	38980.93465	41459.73043	34695.57857	47335.37832	41766.99353	37363.43797	27869.66165	33199.14151	33476.31182	34807.32303	31586.91122	42318.08124	35534.01089	39598.97461	21475.87587	19749.62652	26331.7088	34778.55605	39179.78364	44386.28049	37444.9477	44351.68882	38654.82129	33215.32101	34236.55453	40963.15281	35239.63084	23004.84002	16788.05111	22095.73695	21179.98062	22432.70588	19934.63391	21526.96185	39114.65162	36973.2875	36019.11277	41452.95633	31774.51863	38857.81603	37443.46247	36386.68601	35617.76524	34833.97659	38686.63284	40094.83446	39030.31196	36255.54654	33961.39862	33612.3384	37082.2297	37069.17498	35799.53713	41398.12393	33984.86813	38377.48541	35251.54677	39310.48673	38364.02872	37305.78277	36146.00941	35467.08382	36477.99476	35933.82254	38022.40241	34573.29394	40679.18404	38733.66664	39127.86483	37520.74868	35667.55343	40820.7148	30051.07585	38129.24663	37597.78835	36701.06848	36789.5741	36743.95722	38195.71821	40777.80561	37971.80673	38124.79317	34582.03255	33486.80315	36880.06312	39187.02962	37164.4083	39666.58067	34476.82136	38783.69639	35209.49269	38819.83513	39727.76959	38840.69847	35953.52083	35156.1495	36691.13934	35434.02044	38256.43709	33146.92941	40556.37758	38427.68829	30829.32446	25216.84853	32411.85791	38322.57274	34730.10406	32404.12954	32539.83354	32438.00675	26431.71799	33770.84871	32366.45631	35601.3171	34514.13781	32934.04617	34244.55627	28107.66532	32465.15047	37072.1726	31622.15692	34339.09898	33455.36686	26458.98247	29971.47936	32758.78531	28394.01527	32401.42835	31505.79073	31488.95431	31996.82659	30346.36762	41698.9439	35978.31789	36563.63904	34451.49095	29392.30731	27507.60086	30646.51803	36526.66552	31716.82204	32402.69859	32177.29531	32730.34505	28299.52908	35437.95705	32413.35724	35208.6215	33269.86917	34429.9625	34549.17894	28665.99708	31859.29182	36765.81695	33015.67808	32418.21983	32839.41135	27580.92027	30112.61275	32156.6723	30486.97893	33264.81701	31781.38356	31546.86569	33704.58385	31017.24274	39133.32619	34338.80351	35651.70095	33431.66399	23250.92583	23676.5801
600	900	16269.95359	25499.68578	31160.89653	30734.14487	35258.62361	28140.85851	37677.19027	36118.48832	30455.53703	24049.90279	29201.65175	28732.77106	31351.21122	25405.97309	35854.11277	30898.49163	34150.04883	18745.18186	17334.53648	24582.3731	30827.43565	30801.56497	36333.90834	29272.49817	36723.43006	35552.92403	28413.57428	30153.3721	34234.79306	30807.92494	20453.24614	14283.87831	21149.96868	19524.49451	20414.09678	18792.54314	21056.49075	31912.05771	30840.3487	29318.12759	33403.88472	27516.65524	32446.88077	30106.38603	30360.00773	29742.62995	28044.91536	31630.20064	33017.88858	32117.31153	30160.37447	28148.59881	27643.81914	30335.04934	29579.17269	29275.96255	33537.76348	27746.76706	31205.25853	28931.25991	31462.8397	31535.33418	30690.65407	29484.3639	28822.92326	30689.24856	29150.49405	31177.75394	29840.06141	33347.8277	32452.7024	31917.62596	30720.41191	29091.44017	32570.06052	25212.83797	31445.42429	30661.5807	30530.1991	29820.55652	29980.30512	31725.9727	32570.35373	31647.64728	31305.83098	28722.52796	27735.099	30377.20595	31219.06592	30254.80845	32433.39098	28167.92442	31535.96063	28966.76835	31160.28371	32227.88808	31909.49188	29250.50006	28520.23248	30710.82417	28637.28694	30958.0535	29004.91297	32733.5915	32748.33701	27471.43073	23913.52924	28081.32285	32155.79149	31197.99843	28738.27255	28384.24379	28431.72013	24146.81508	28608.96057	28685.29914	30243.10411	30134.52418	29192.18125	28731.109	24759.94861	28729.68085	31345.8456	28386.49667	29195.48059	28268.06167	23992.15634	26534.78644	27925.28643	25936.28058	28647.51015	27913.8552	27604.8464	28384.28037	26760.36955	35035.65528	32012.48847	31352.86056	30091.06671	26127.59451	25104.23103	27369.92848	30827.10343	28424.39916	28130.02941	28044.75576	28727.10983	24981.77682	30402.04919	29354.20716	29566.12075	29253.04361	30200.7474	29792.27123	25346.50694	28153.37122	32495.45438	29119.49682	28172.72739	27856.16494	25052.26212	26753.00544	27728.95182	26960.74454	29133.62778	27973.2503	27456.97033	29333.78724	27082.70459	33865.53265	30153.26175	30140.59245	29957.54743	21947.99716	22603.21826
900	1200	14399.27569	21977.89047	27043.47755	23864.64785	28653.18758	22160.88297	30425.03208	31708.13285	25061.33599	19497.0638	25653.1589	24342.30049	26581.77785	20686.25427	28262.99305	27344.57702	28784.00391	17178.26576	15952.42146	21445.19231	26963.09697	24252.45709	29574.07242	24230.15552	29439.8172	30697.51786	24109.73273	25668.72513	27640.67054	26777.95082	18035.31025	13380.6894	20567.07778	18316.02518	19077.59373	18032.92693	19880.13001	26984.56404	25364.32853	24354.69065	27519.40306	22919.51277	27255.00855	24838.23499	25554.08655	24867.9744	23539.62394	26460.10317	27804.21522	26450.99896	25349.65174	23990.51712	22436.41394	25592.94085	24571.33745	24782.06778	28519.15106	22887.71897	26507.55169	24034.73593	26092.88302	26621.03235	26078.73087	24311.56935	23843.84523	25720.19925	24409.36999	25542.65325	25364.57169	28310.35055	27350.98473	27116.88803	25541.16653	24190.11821	26909.38536	21842.80517	26754.34939	25300.81148	25706.11478	25172.92058	25175.2186	26390.80119	27760.66324	25970.54572	26106.70957	24054.651	22473.30939	25087.07055	25078.10738	25133.03104	27142.63361	23317.78999	26187.63533	23908.43111	25758.24248	26833.65018	26920.70974	24357.30765	23707.81674	25943.50098	24068.59134	26006.14968	25296.44559	27975.55765	27975.7276	25031.69842	22640.82315	24786.34966	27503.69034	26884.42462	25468.08076	25342.6721	25790.14286	22405.73736	25156.28814	26379.45182	26133.25282	26781.36691	26002.5502	24996.17627	21987.23625	25970.91772	27341.74165	25285.13972	25768.35148	24216.59806	22283.01311	23716.20513	24812.34578	23791.03084	25679.72048	24729.04169	24527.04932	25427.26896	24188.46498	30335.30159	28004.53697	27671.55082	26597.96165	23859.14731	23033.23425	24618.51036	26902.18816	25326.55315	25147.63681	25034.17752	25738.70262	23186.11201	26712.33952	26466.6704	26153.56551	25588.11971	26631.58562	25621.99557	22544.36183	25229.33282	28507.94778	26332.55377	25172.95007	23952.40956	22968.18901	23691.29518	24661.77718	24676.22417	26463.35146	24782.6534	24631.76281	25986.21246	24148.51799	29017.78006	27248.04896	27272.26755	26777.26257	21036.23408	21647.1834
1200	1500	13536.285	20652.04053	24440.96182	20469.68247	24454.44491	19001.57699	26604.93857	28236.99065	21730.03296	17085.48215	22799.29713	21461.72839	24188.60059	17422.97899	23654.50402	24581.83629	25851.38477	16081.7053	14425.85383	20301.92499	24380.49608	20781.13297	25489.28871	20284.95494	25512.72642	26963.27866	21518.31489	22721.74514	23721.38451	25136.21039	16898.31827	11849.97627	20210.36978	18385.84957	18620.82574	17345.57899	19513.28523	24155.72458	22944.89082	22443.18063	24958.89629	20998.08572	24685.33843	22329.72907	23313.10827	23151.29603	21370.1363	24097.48263	25202.62592	23811.58254	22924.18884	21458.78106	20318.19431	23017.06896	22238.74622	22452.58287	26330.74757	20624.68877	23409.27686	21644.83341	23498.53685	23218.35428	23630.55117	21965.80312	21490.0793	23512.82953	21913.35437	22729.48403	22809.66795	25309.1557	24832.5081	24269.55304	22507.44279	21812.70964	24043.88616	19611.52696	24507.1838	22764.3326	23529.3165	22460.29159	22813.047	23937.66296	25389.61395	23524.63369	23269.58528	21926.91289	19926.58904	22923.31254	23083.73461	22931.57208	25187.02143	20848.0566	23578.52831	21591.23188	23449.65554	23405.7772	23946.22129	21702.54606	21060.37973	23161.21918	21561.91383	24143.89901	23474.84423	24546.49562	24807.78929	23725.93817	21657.69845	23938.17763	25303.53676	24718.72822	23476.61615	23812.05281	23798.40361	21513.71756	23359.10128	24516.32055	23833.81932	24566.02493	24168.5173	21860.50031	20917.73069	24359.67731	26002.974	24212.34059	24111.61722	22465.21376	21713.30125	22490.45554	23207.60172	22045.63555	24439.15023	23625.21583	23248.73658	24137.91494	22871.0857	27185.05978	25669.11813	25980.82298	24893.52194	22988.91362	22115.35768	23509.28605	24565.3377	23077.70112	23452.95418	23417.20815	23984.20994	22024.78613	24780.82425	24894.49511	24206.17687	24023.71852	24745.63321	22707.74894	21155.45491	23589.11429	26599.20725	24908.23117	23854.1796	22030.95311	22204.17235	22283.12994	23438.4598	22669.0223	24854.97181	23477.25966	23131.22323	24136.96561	22639.92704	27997.52331	25065.53599	24511.11026	24731.67452	20664.20662	21009.01005
1500	1800	13050.73192	19679.69089	22071.22469	17932.65956	21070.03804	16738.35246	23465.70229	24973.59682	19407.27376	14931.21357	20789.51554	19161.8343	21184.63817	15576.6016	20660.8024	22498.84321	23427.32617	15085.81735	13900.40774	18223.31645	22163.19107	18131.24588	22389.17905	17365.75981	22618.43488	24747.70687	18912.89547	20538.36113	19417.70071	22308.94258	15168.01364	10628.85618	20583.78108	17791.9942	18342.4568	16797.95758	19798.14209	22520.16957	20653.72796	20360.58218	22597.08312	18942.45937	22677.26704	20331.35656	21674.71452	21187.9733	19682.63858	22497.00207	23355.18723	21686.53232	21189.16592	20183.67657	18417.71455	21402.18424	20389.75654	20982.47165	24011.62747	18917.96705	21332.31569	19730.07704	21739.87634	21365.41552	21933.87445	19960.67521	19706.74698	21275.20875	20246.97231	20520.89862	21042.54345	22812.00705	22792.48733	22170.4649	20934.71588	19732.24433	22208.38276	17469.05568	22873.95966	20775.87264	21509.33322	21621.94362	20495.27129	21961.36948	23194.46676	21521.58684	21440.57854	20171.45326	18523.58822	20817.74103	21400.06497	21162.32756	22985.28855	18909.28379	21789.05107	19688.68131	21328.12823	21609.42296	22030.61418	20094.71941	18945.70573	21046.56894	19619.65094	21861.86927	20923.36661	22867.90559	22701.69928	22713.81444	21370.70501	22479.04708	23394.59695	22369.44996	22185.99245	22201.14721	22760.8425	20837.02125	21987.08753	23327.34418	22401.7764	22795.90431	22962.54597	20621.17169	19706.23691	23054.51889	24070.75605	23217.79197	22630.90283	20915.52876	20213.76442	21200.39	22208.22683	21222.08284	23342.70383	22153.6698	21726.38506	22746.59686	21578.72019	25196.30063	24119.01612	23440.31072	23355.59059	22020.09563	21071.65319	21999.37616	23206.10719	21012.24559	22108.04155	22061.54162	22319.20874	21370.41856	23180.09245	23449.26734	22505.91936	22492.22658	23077.1573	20921.17865	20371.02007	22195.45124	24991.07822	23527.60722	22368.77195	20359.62158	21443.7222	21128.17729	21827.10026	21884.397	23701.86857	22404.89778	21483.73034	22503.99849	21443.73334	25529.02245	22855.42324	23048.46641	23177.57972	19977.58108	20263.87349
1800	2100	12667.34804	18948.4127	20261.86559	15973.15043	18793.62647	15323.34193	21332.23555	23268.6842	16328.53644	14202.03822	18535.39911	17661.95064	19088.57242	14177.97191	17739.41871	20278.70832	22053.37793	14701.83166	13166.92781	18452.49697	20383.85423	16152.21524	19243.39604	16218.1524	20172.19702	21498.35258	17719.6902	18250.83106	18875.9341	20044.12336	14304.18745	10371.87056	19517.86648	15875.26428	16972.17091	16411.48836	18336.61063	21009.08496	18965.40827	18577.14115	21046.41385	17058.34011	21090.30468	18996.38356	19968.98993	19655.1523	18141.16851	20511.03292	22021.89199	20108.92465	19636.25871	18576.66595	16870.8707	19845.72125	18924.25696	19226.5145	22413.08267	17422.98724	19429.7422	18117.03449	20189.87363	19506.72587	20317.92056	18451.90771	18091.55048	19623.04345	18876.35443	19546.92539	19123.76414	21274.89295	20946.40556	20713.8578	19433.37301	18207.11151	20099.86126	16176.51955	20815.16326	19126.05153	20090.70437	19616.02738	19164.02583	20438.86854	21553.0424	20080.8913	19793.91904	18503.85403	16391.60077	19399.99457	19763.01364	19628.29889	21650.65436	17594.61184	19820.5762	18156.32728	19967.16017	19797.26474	20437.57831	18353.60032	17534.63344	19367.73997	18320.35571	20581.88298	19600.58023	21521.70528	21057.68515	21036.95015	20031.13481	20984.22158	21948.83138	20786.18031	20811.3281	21029.11516	21147.52923	20042.92914	20649.01103	22232.48833	21260.99207	21485.4728	21403.56334	18831.31598	18224.57901	21924.06957	22678.91337	21711.31842	21433.70092	19393.32463	19319.72135	20014.81448	21052.85056	19787.79779	22352.86503	20945.55963	20518.95721	21324.85821	20373.9736	23783.30209	22833.47951	22368.22623	21677.07536	20268.00591	20468.22152	20660.74025	21274.75819	19225.05667	21113.91475	20755.99714	21291.86626	20868.51976	21655.43691	21869.61129	21209.10687	21210.27804	21547.69908	18903.97557	18518.20577	20955.86561	23572.69372	22008.88106	21225.97243	18937.68704	20402.80229	19817.17721	20958.96434	20528.19668	22679.59839	21116.73592	20081.63691	21102.83017	20172.3358	24497.61732	21635.82701	21845.66174	21665.35599	19331.83848	19507.82073
2100	2400	11956.78157	17111.8863	18417.311	14199.83299	16441.30293	13907.94577	18833.53437	20211.05345	14509.78497	13084.89476	16599.61652	15806.21674	15825.36566	12562.32527	16169.24136	17745.70193	17641.79492	13891.35334	12264.97989	16663.45338	18581.81173	14470.72334	17425.90554	14347.44654	18128.66512	19699.76664	16102.81928	16184.43173	15420.91005	17772.64654	13120.90025	9398.7679	19219.83962	16445.01848	15790.64233	16017.23145	17641.91782	19826.7692	17235.72777	17047.29517	19846.39196	16326.16192	19827.30181	17549.69971	18827.14158	18739.59986	17038.53865	19370.06643	20606.98513	18609.10629	18157.90139	17395.50611	15386.32605	18010.32314	17652.78806	17837.72256	21083.06127	16086.83434	17977.17776	16775.55222	18526.85253	17764.29747	18965.09623	16899.10115	16906.25089	18228.64961	17246.57892	18940.28449	17359.16735	18930.03958	19339.37379	19160.96294	17473.90707	16937.0967	18681.05816	15221.77979	19598.48607	18091.95572	18663.97145	18836.92504	17920.59369	19071.38044	20237.68789	18623.6957	18501.45908	17750.75831	15458.83013	18249.20527	18365.7887	18131.32938	20016.47749	16300.50757	18282.81645	16687.32407	18361.09204	18031.40927	19012.57457	17011.03211	16425.90555	18391.43918	16973.74007	18836.12358	18034.35497	19856.92028	19453.7104	20124.80547	19380.21333	20035.6873	20693.52439	19111.34349	19999.48325	20029.28483	20296.84299	19162.20719	19551.77378	20780.95317	20129.07313	20207.34941	20091.11641	16939.64115	17267.43374	20098.26664	21320.4834	20209.24	20047.20479	17791.68204	18356.63224	18721.99118	19524.33951	18571.08262	21253.33017	19585.78119	19039.67851	20191.05787	19001.51861	23737.78931	20415.74789	20349.23767	20128.19147	19296.87162	19072.04105	19591.43485	19737.83771	18112.41542	19613.8106	19614.75761	19949.5385	19245.40429	20310.34291	20620.69375	19843.95801	19929.94801	20601.41577	17713.74525	18159.93258	19828.79046	22050.87599	20957.15522	19921.43203	17700.54285	19314.05296	18766.86918	19557.92868	19066.84718	21068.41764	19867.34052	18929.17895	20312.69907	19162.31505	22311.54477	20602.63121	20082.48672	20224.05282	18415.56147	18724.57719
2400	2700	11577.64467	16922.88587	16728.8041	13146.07481	14948.45365	12882.35867	17567.71203	18064.38019	12228.4543	11959.79861	15141.57601	14816.10967	14885.8982	11573.40874	14409.06281	16722.18187	18204.8125	12799.16297	11978.86111	15352.57346	16716.09734	13292.12438	15460.45369	13227.8139	16592.42229	17811.23325	14637.93538	14783.45329	14608.75151	16065.4043	12356.7962	8905.81576	17868.46197	15924.21811	15685.89475	15114.51661	16616.19588	18560.87883	16916.88477	16174.59228	18474.31609	14852.87959	18737.65135	16503.34326	17994.3236	17954.66558	15971.70966	18338.88842	19706.89161	17568.12787	17216.92846	16246.8554	14429.51725	17608.51969	16965.5853	17442.58405	19580.89975	15651.08313	17352.33862	15786.18437	17663.36533	16583.0329	17969.10085	16012.27762	15671.90751	17110.09387	16300.61325	16853.76013	16805.58075	19010.83039	18199.74753	18255.68713	16715.76263	15784.46624	17704.48986	13733.33623	18473.65521	16650.46907	17878.97669	17421.88252	16829.35743	17845.90752	19160.11697	17582.64121	17224.45196	16354.48218	14634.18399	17226.04352	17511.509	17326.80019	19228.14453	15288.15878	17496.13531	15797.46134	17268.11774	17225.02275	17979.82592	15838.53164	15244.31168	16951.72465	15704.04134	17980.82663	16750.21694	18721.32239	18123.48411	18791.91766	18637.94788	18728.46091	19243.49807	18289.12072	18600.17106	18801.90082	19240.1805	18306.4801	18527.52586	19686.15137	18931.41265	19109.43579	19375.74973	15545.2778	16777.77551	19470.13482	20029.27343	19652.63843	19083.91118	17283.14958	18085.11393	17763.07255	18786.77295	17343.68733	19935.41218	18803.28091	17818.53849	18960.10755	18197.35713	20943.15617	18825.87075	20067.65335	18703.89565	18804.97335	18245.30129	18846.88519	18944.04314	16270.36839	18812.9388	18471.40861	19167.34276	18275.70421	18893.01858	19363.10604	19000.13749	18858.66864	19268.76382	15672.41105	17292.80031	18940.11093	21102.13132	19697.76512	19118.63898	16770.07401	18244.51717	17678.62162	18454.10548	18050.50812	20203.69102	18482.82006	17861.62467	19017.21766	17910.30422	21652.20624	18839.03312	19768.41281	19038.31471	17559.48571	17758.96521
2700	3000	10764.74951	14412.37247	15347.55207	12007.14786	13645.18136	12221.79206	15980.57083	17784.31656	11682.6429	10425.34127	13987.9024	13437.03971	13912.55653	10485.44928	13336.39614	15092.92562	15507.62256	11643.8453	10973.34361	14698.37543	15688.50494	12120.64903	14176.99975	12555.922	15689.31788	17128.92843	13506.81398	13432.35435	14018.69257	15218.88064	11838.64974	8491.71872	17802.5862	15162.6902	14759.27085	14276.98959	17135.72644	17775.6435	15849.65705	15375.56551	17404.22955	13976.9153	17663.82122	16142.34395	16926.95968	16719.42472	15262.87622	17355.4597	18085.76343	16919.72561	16489.16295	14874.03214	13723.21753	16646.92908	16228.55194	16129.62243	19595.42642	14796.57811	16513.89679	14999.53139	16770.55975	16096.71296	17130.7894	15133.841	15101.82565	16485.56027	15703.93379	16929.13568	15879.477	18397.69656	17297.52323	17683.59904	15779.33417	15403.02939	16798.15999	12966.82106	17507.19757	16309.58731	17011.04814	17045.19463	15940.54636	17240.6878	18290.1912	16493.68575	16691.62921	15508.6657	14038.73924	16398.52323	16994.76623	16486.30924	18486.67462	14628.57361	16024.28176	15173.38621	16544.20234	16378.56551	17239.52719	15227.14725	14924.80828	16173.40496	15477.6515	17079.20225	15122.13156	17742.58512	16946.87834	18491.75876	17560.66755	18101.79363	18205.01484	17548.70441	18052.25998	18077.38753	18561.21487	17293.47245	17750.94996	18722.4807	17823.25249	18546.64558	18278.21887	14663.11197	15734.54063	18313.33608	19590.21105	18464.53276	18707.59291	16315.4699	17853.5059	16844.4304	18027.33062	17270.34089	19190.91493	17860.17011	17293.12709	18483.05747	17596.55883	19827.32056	17840.73563	18573.4801	17753.95559	17503.55439	17416.97023	18119.34843	17660.61853	15252.15532	18025.44471	17779.7842	18475.25579	17527.8375	18600.99543	18673.33891	18293.1668	17460.91392	18399.10674	15066.92267	16621.4464	17870.09063	19776.34824	18795.7471	18442.55897	15815.94562	16631.05121	17089.53853	17697.96852	17414.11191	19572.86717	17943.95032	17254.2936	18071.08645	17302.72777	19682.63735	17018.02692	18285.56719	18020.47878	16850.0911	16867.23426
3000	3300	10579.08076	14479.31798	14485.50767	11345.18145	12380.62491	11400.27705	15391.51876	15572.69455	10013.69639	10305.08948	13280.00424	12840.66422	12999.27907	9510.26053	13012.26254	14007.24449	16276.13623	11900.63635	10791.82889	13533.93808	14681.26369	11278.58467	12705.9521	11930.80126	14727.95047	14706.1474	12733.63277	12996.65438	12220.31162	14010.54607	11233.73923	7999.76864	16020.9412	13742.6088	14507.01271	14126.06643	15603.04702	17586.47994	15168.66826	14713.04117	16919.54492	13561.5518	17341.24501	15126.09625	16554.23307	15918.79811	14690.5121	16828.37283	17661.48979	15981.66246	15547.78694	14647.18602	13254.41335	16148.6611	16495.68558	15545.02382	18486.47055	14229.34771	15753.81061	14486.071	15809.84189	15169.47585	16669.95044	14503.3461	14744.09504	15745.98051	15042.36872	16033.01821	15422.32086	17453.1463	16450.30006	16645.05214	15168.85815	14692.30063	16097.2724	13288.92385	16675.44841	15526.79711	16568.52509	16338.85582	15451.71879	16428.17623	17410.62271	15760.01314	16001.85357	14582.85416	13449.26631	15662.32751	16221.00566	15584.29198	18121.72487	13872.10725	16077.8331	14553.38467	15810.91729	15513.00493	16664.53891	14581.86223	14133.09085	15636.53574	14803.50892	16294.47001	15216.37906	17426.2905	16635.93901	17946.04365	16889.87461	16835.92484	17579.31564	16230.6682	17277.62196	17283.88022	18136.43474	16667.41308	16788.68665	18150.01819	17215.67613	17884.424	17834.34663	13749.60225	14889.52456	18181.36937	18992.64915	17308.75073	17703.93002	15703.6	16430.84053	16114.60964	16864.77397	15933.41829	18484.45649	17045.29538	16756.53213	17701.35909	16710.15376	19565.45609	17527.63206	17748.00167	16880.21475	17139.327	16526.82206	17239.74718	16988.28908	15189.26109	16728.36146	17070.6212	17691.89676	16854.73394	17670.8168	17529.51115	17672.72327	17100.0731	17744.75682	14504.97915	16121.52191	17349.47923	19600.53786	18367.4415	17903.06382	15258.16434	16974.25754	16269.78492	16745.66212	16702.49531	18645.00386	16965.90416	16367.42969	17150.24953	17139.71379	19971.66418	17480.99981	17873.0803	17577.03972	15967.41153	16236.20051
3300	3600	10140.04114	12977.16862	13638.77416	10868.08142	11763.31379	10735.31254	14633.18059	15071.89543	9654.0459	10247.81665	12078.20825	12257.42375	11612.35033	8812.48823	11336.55187	13152.7765	15643.00391	11003.744	10247.7477	13336.641	13293.57731	10874.87222	11721.32615	11320.09457	14184.86494	14632.8804	11966.36963	11673.32568	13053.06305	13166.68392	10875.43797	7914.58933	16004.03766	12914.84388	13508.16599	13690.41296	15674.50469	16196.72994	14835.62832	14395.1257	16182.83444	12520.20197	16596.11223	14511.98745	16088.26385	15925.333	13885.47797	16295.41046	17195.17906	15659.86901	15048.14356	14070.57827	12370.30934	15502.81533	14478.5055	15066.95641	18086.8604	13745.65646	15295.28916	13789.78271	15405.31757	14893.97073	15751.03364	13849.76146	13745.17078	15256.34617	14544.97701	14232.40162	14480.25459	16781.63682	16027.23155	16344.2823	14788.8858	14269.23848	15194.22327	11951.35089	16562.61434	14833.81853	15768.81235	15098.55683	14731.2965	16048.55092	17115.96809	15506.0504	15494.06797	14120.3409	12691.37307	15321.87625	15670.00209	15160.85254	16996.28415	13362.56083	15026.19333	13749.03557	15107.47818	15179.09264	15843.61682	14205.61455	13484.94528	15163.2828	14053.58444	15745.39103	15703.70262	15477.11051	15805.91866	16682.21546	16424.14523	16594.02026	17072.14621	15478.10205	16877.82843	16291.04013	17578.02281	15960.86538	16174.25504	17450.9126	16743.3841	16957.86748	16838.85236	13090.04184	14013.2743	16749.38781	16965.73758	16754.1157	17167.56672	15131.97381	16307.88814	15446.63362	16361.42547	15684.97224	17290.00568	16147.20229	15459.17109	16977.39518	16111.0198	17669.35184	16738.19446	17323.33098	16232.47111	16589.1193	15968.27078	16336.23328	16345.98871	13987.41952	16798.36764	16167.02876	16677.0173	15972.86968	17174.55702	17465.36256	16909.46928	16489.95734	16946.30021	13994.48227	15088.82415	16366.45663	18864.90954	17234.12804	17300.99694	14702.46371	16432.81486	15319.18943	16326.59971	15774.38111	17691.06883	16570.93725	15632.55272	17087.2913	15992.68388	19179.8399	17199.94912	16123.33627	16507.38064	15376.91946	15688.83649
3600	3900	9578.00368	12941.48769	12486.34885	10513.22325	11080.49492	10772.45457	13499.32471	14685.2811	9018.73201	9110.76598	11306.36464	11745.1453	10737.0543	8518.46524	12523.93539	12375.05693	11709.55957	10432.82634	10138.99585	12263.55459	12683.95361	10599.56223	10822.6118	11155.85203	13009.15875	13842.45537	11045.91767	11393.72951	11427.99425	12782.88221	10055.58538	6608.70338	14910.63125	13627.06706	12227.46771	12961.97314	15165.53156	16016.62924	13744.88547	14192.05031	15761.78577	12089.10984	16339.63124	14269.42428	15508.03761	15408.36589	13623.77839	15482.57113	16732.73942	15155.15759	14702.34277	13517.51451	12603.92717	15287.97554	14379.56736	14604.27494	17679.57519	13197.8895	15135.70573	13621.19765	15331.12827	14021.18335	15282.56118	13560.39407	13636.88329	14512.95249	13761.55515	15356.41809	13832.1668	15922.10379	15313.95942	15721.51343	14575.91357	13424.58601	15080.64153	11537.69108	16222.87425	14539.01391	15515.25605	15251.44634	14436.1675	15130.70371	16787.15753	14576.28264	14782.20961	13200.42563	11851.56098	14533.50051	14732.54672	14610.46391	16470.16499	13020.19027	14894.81208	13618.83343	14530.67618	14224.74035	15659.12226	13731.61314	13318.24473	14374.02767	13641.84111	14528.12525	14168.6424	15620.82701	15600.13165	15952.09816	14613.87527	16099.73786	16682.74419	14400.81033	16000.69475	15646.59701	16704.24463	15342.09475	15631.2315	16775.61287	16067.93095	16467.23509	16446.59336	12206.80156	13816.23416	16539.06045	16994.68829	16850.7578	16528.21947	14360.06927	15549.94215	15170.12297	16098.49771	14535.64461	17043.08238	15507.82987	15286.91998	15904.22399	15489.64151	19128.45371	15337.04462	16527.16381	15647.66363	15751.42266	15933.50764	15901.66966	15948.25269	13140.15884	16255.55981	15596.3799	16497.08943	15748.41017	16509.14678	16238.48299	16628.25278	15445.45688	16144.96725	12485.86422	14143.58061	16115.99321	18069.95992	16914.51684	16366.52557	14184.96615	15596.70947	15043.60898	15672.62902	15122.5457	17325.38295	15879.4383	15197.47533	16142.43748	15206.24127	17921.54969	16050.51805	16082.93409	16131.90785	14676.06316	15025.12156
3900	4200	9211.82828	11359.01535	11904.54458	10081.97963	10268.55196	10236.92207	12948.0006	13221.42405	9242.35905	9337.30952	10664.2569	11596.0481	11307.19713	8516.31619	10423.34264	12172.35223	15861.05762	9094.29382	9823.31588	11799.16498	12094.10301	10095.52059	10603.87987	10858.43179	12299.47898	13032.97873	10980.6556	11421.26743	10962.63194	11637.91072	9944.89025	7887.1146	13251.8549	13029.52175	12770.67989	12162.84052	12983.24532	15562.23511	12556.07506	13694.82585	15455.64728	12106.29935	15434.0482	13896.31403	14843.37336	14709.31443	13628.92509	15652.1998	16125.32909	14413.41141	14514.0697	13081.84699	11911.6287	14528.12298	14553.83205	14675.00892	16841.21097	12969.30239	13630.23455	13053.23647	14579.65918	14020.48598	15367.10954	12719.84339	13156.7616	14355.3786	13764.97977	14677.65653	13632.11043	15482.10476	15333.6337	15240.19708	12987.11865	13164.04835	14926.64057	11335.75695	15644.66899	14151.21034	14899.98605	14875.39182	13545.41971	14952.22986	15988.18523	14820.56107	14676.34539	13533.80284	11789.664	13818.73558	14487.62556	14105.22768	16216.59426	12675.02877	14287.71825	12685.16986	14126.75631	14455.11264	14880.18109	13020.36699	12913.51339	14171.84732	13250.63424	14983.07109	14236.55319	15490.84698	15291.36812	15461.40525	15070.05829	15686.69231	16196.44942	14560.01615	15107.54743	15456.97435	16363.77594	14645.69614	15191.66162	16519.55832	15329.15823	15737.87234	16028.72145	12423.50016	13831.18485	15606.79844	16814.61589	15909.49176	16152.19369	14142.84801	14807.7424	14636.68389	15497.80328	14593.35738	16237.93114	14857.39816	14562.65189	15654.58939	15179.59019	16648.83572	14590.55295	15688.43839	14885.10546	14948.83709	14072.11485	14948.77052	16162.34008	13189.17159	15462.93403	14990.03996	15990.10869	15243.84553	15811.85923	16017.4681	15355.58745	15170.17223	15984.74547	12873.38927	13608.06725	14753.93784	17261.66518	15842.40839	16377.65339	13564.35397	15097.59572	14232.73474	15081.73734	14726.18208	16489.62009	15113.44646	14696.86047	15231.67269	14913.66853	17669.06985	14604.48218	16544.89301	15577.14969	14108.31915	14290.14649
4200	4500	8857.90918	12235.68388	11222.87591	9594.37737	9804.95273	8673.85757	12548.25855	12714.60516	8465.74946	8136.89639	10362.55612	10893.44131	10428.51797	8001.64936	9379.70328	11514.5396	10640.20801	9601.50916	9397.00014	11084.38586	11081.9033	9665.76415	10492.72892	10295.52793	12029.22938	11777.12262	10989.25784	10134.15553	10548.59166	10654.89777	9996.75194	7368.86909	14373.23012	11297.55455	11526.63326	11365.71644	13680.89002	14933.23785	13800.47666	12779.43435	14997.80703	12308.71099	14876.56326	13453.81319	15013.84328	14125.98793	12912.15096	14925.9055	15923.77145	14088.52768	14229.49664	13221.93854	10839.26243	14382.98077	13142.31417	14131.13703	15834.13317	12405.48518	14048.42604	12640.70692	13899.27579	13461.48042	14648.45061	12638.92931	13217.33765	13768.52531	13375.18807	13080.43974	12582.27743	15609.54362	14687.81378	14931.17122	13303.72084	12473.49757	13696.68764	11980.97704	14998.27644	13664.94186	14425.39382	13622.28263	13567.78477	14722.64291	15524.19099	13948.00824	13897.93517	13065.18626	11239.97016	13698.11341	13408.87015	13817.90742	15196.02135	12614.17584	14109.99751	12662.51633	13726.2112	13794.51477	14222.3859	12708.99939	12253.39132	13797.01336	12739.78612	14347.95079	14029.68694	14010.82484	14280.63086	14959.28499	14892.94877	14312.68752	15875.02349	13799.1514	14869.37933	14796.18453	15260.55587	13995.87677	14689.79167	15544.48603	15465.70947	14968.50975	14974.76127	11930.07641	12557.04087	15041.638	15243.10601	15413.10137	15402.18503	13110.52864	13778.08002	14084.49432	14716.40047	13888.8224	15707.98242	14475.94338	14567.04425	15106.93281	14320.14689	16233.98178	14245.40053	15266.0817	14421.86898	14592.1948	13747.05262	14479.75912	14263.41947	12683.58195	15024.88293	14862.8084	14854.63968	14336.35272	15505.88753	15588.95083	15355.69062	14116.68383	15651.66523	12183.64668	14341.24371	14887.61701	16310.86964	15786.09125	15241.46972	13508.09159	14183.78101	14113.59168	14517.28485	14461.62746	15606.86776	14569.97897	13909.05004	15290.72611	13991.99445	16769.14741	13455.30106	14581.83453	14508.30961	13445.94554	13826.44859
4500	4800	8883.29436	9667.17705	10654.21706	9135.9039	9782.97702	10081.95228	11776.74172	11856.65587	7964.64707	8431.4817	9483.10185	9692.30639	10011.70946	7991.15246	9648.61777	9856.30372	11587.47314	9433.32599	9151.21655	11560.07402	10922.34445	9433.27235	10070.46977	10035.02392	12380.35823	11435.60006	10252.15352	9816.82143	11207.07284	10618.97522	8955.00495	5775.14067	13332.11881	12026.16053	10388.76181	10260.558	13545.72637	14803.79384	12809.02695	12938.72278	14828.42734	11269.42591	14953.71806	13546.5888	14464.39663	13775.26965	12569.12795	14264.37535	15194.7292	14064.02311	13788.19053	12323.67035	11298.63199	13784.60976	13846.22011	14098.15579	15188.54714	12164.44557	13711.06679	12576.75036	13470.0419	12746.72534	14490.10366	12273.26983	12692.00572	13850.82663	13057.20004	13139.88152	12915.1923	15510.67649	14130.07468	13963.68444	12858.46669	12930.67057	13880.85918	10575.33283	14590.80587	13185.12649	14096.83178	15007.93077	13319.65697	13924.97026	15376.66026	13507.56564	13858.44672	12465.69584	10836.91872	13698.06368	12989.2932	12738.42141	15029.20446	12079.30973	13356.51348	11900.78588	13638.05459	13214.84235	13742.49569	12553.92163	12121.37618	13232.3336	12565.74561	13679.81879	13084.17355	15188.75349	14024.48771	14858.98452	13975.2751	14757.96005	15222.80817	13140.82877	14469.49445	14608.11628	15233.24886	13685.6357	13811.14545	15229.52635	14252.56871	14639.73368	14899.43553	10999.96368	12242.39841	15008.32561	15513.43224	15272.27155	14747.39429	13056.67895	13677.61767	13529.40278	14227.52643	13190.18926	15422.78962	14013.41301	13996.77873	15070.01503	14072.76476	16441.75316	14473.50675	15145.98386	14174.92211	13915.26709	13650.71664	14335.10569	14660.58256	11424.57831	14400.05778	14090.85225	14670.91811	14384.24093	14732.80854	14006.58406	15116.09892	14487.92837	14493.96332	11854.26382	13168.52212	14018.87811	15812.97612	14663.89591	15287.32815	12918.65664	14294.56088	13019.2188	13887.93388	13686.78715	14880.82554	14228.69078	13643.21831	14670.7645	13718.75401	15865.12568	14556.17388	15744.25617	14516.75683	13143.08978	13092.37876
4800	5100	8952.90676	12957.23606	10209.5025	9077.56482	9253.83363	8464.12263	12192.21119	11057.8466	8034.48758	7516.70669	9371.1449	9993.11604	8940.62209	7665.70947	10537.29534	9987.60742	13811.41455	9061.28904	9146.42343	11040.52394	9892.65967	9101.64544	9489.03594	9526.51957	10989.72908	11156.2908	9792.72833	9983.63133	9090.81426	10328.54361	9551.41641	6990.58964	12401.38919	11554.30244	12014.71609	12186.44445	14590.48348	14247.26766	13693.28406	12436.35334	14281.33615	10419.22263	14249.68	13024.00105	13536.34546	13861.40725	12348.6484	14116.80779	15117.79463	12786.52402	13052.08698	11172.7731	10403.97513	13647.2559	13200.46609	13064.08055	15520.50409	11937.21749	12506.76791	12035.54786	13131.82581	12171.96679	13768.04746	11593.71032	11881.74596	13240.133	12468.80308	12022.0919	12786.91098	14525.73744	14253.42929	13732.90447	12989.74512	12229.42062	14004.78903	9854.83384	14100.70808	12777.07498	13302.16144	13483.55519	12733.43408	13484.59293	14749.52917	13227.17109	13477.62761	11466.75813	10724.98221	13244.06152	13058.90346	12895.84919	14783.50511	11618.41902	12867.1252	11946.52482	12688.89927	13625.4291	13877.88759	12131.5628	11885.39584	13356.55817	12023.23284	12901.998	13673.3373	15099.26005	13428.27977	13665.14732	14927.50172	13345.12916	14461.44841	12173.68789	13440.94709	13948.80213	14261.68229	12750.14801	13763.20408	14685.85138	14546.75924	13973.42189	13968.38352	10011.10873	12326.17414	14784.08114	14882.85657	14189.24312	14611.3351	12697.43089	12404.46911	12927.55101	14048.53737	12234.01013	14784.62555	13240.71606	12954.65764	14378.97511	13274.98331	14909.17322	13190.40857	14313.62298	13596.11879	14334.58579	14126.82496	13172.42783	14559.95765	12395.84792	13965.04141	13356.80901	14353.84274	13619.21736	14126.30587	14163.17295	14624.63663	13616.11336	14189.65869	11156.1411	12080.56991	13192.05535	16051.42824	14615.29603	14465.31235	12157.07427	13080.76435	12844.899	13292.08782	14154.69411	14791.87131	13394.41578	12984.0366	14766.8169	13229.14935	15299.35329	14050.79239	14714.78507	14059.33766	12565.4834	12548.32479
5100	5400	8083.13157	9095.23178	9514.03302	8974.5437	8884.79534	8575.07744	12016.09591	11203.9387	6787.11154	7187.45689	9221.12801	8872.80964	10188.83146	7210.64162	9174.07934	9394.36708	9278.31836	7417.69569	8151.88309	12657.30095	9504.72491	8882.22952	9226.73377	8479.98281	11714.20993	10580.89739	9942.55352	9409.02062	10152.09077	9846.12536	8858.52442	4882.78186	12523.07138	10416.26172	10615.39267	9641.238	12168.18793	13418.20411	11973.25242	12183.61928	13334.13513	10447.40048	14074.48201	12782.49467	13211.23121	13406.60973	12012.06709	13323.14219	14137.8585	12721.92637	13093.7718	11683.34408	10512.62147	12932.81608	12527.13766	12878.47376	15050.78772	11650.68073	13257.31674	11800.65802	12861.57275	12266.72273	13702.76515	11471.81928	12024.66819	12695.37087	12587.68261	11833.25438	13077.27269	14839.61295	13870.23241	13289.84373	13058.26278	12398.59775	13341.45038	9812.47622	13918.14295	12546.7862	13035.13675	12924.65252	12275.69618	12917.50824	14243.63462	13232.59372	12986.16341	11130.31574	10682.96164	12947.31097	12041.52819	12461.56185	14584.65621	11716.29449	12801.50309	11844.62784	12881.65196	13392.97057	13495.14523	11943.56072	11509.0673	12348.37381	11984.66665	12082.54567	11679.06868	14064.05969	13320.87648	13696.59073	12304.61187	13635.00261	14132.44197	11759.88949	13266.97269	13748.77286	13811.0038	13009.15334	13263.51116	14229.27005	13376.82812	13591.88529	14296.40989	9568.75442	11169.17545	14016.35861	15142.17828	14003.35282	14289.94357	12250.26404	12680.30786	12336.05937	12890.28243	11919.4074	14334.19717	12920.67443	12523.28311	13792.20061	12974.45211	15102.7942	14427.3624	14866.101	13251.35523	13325.31861	12932.95761	13548.97521	13692.77323	10877.8747	13650.16425	13082.74428	13317.33977	12874.4151	13640.95781	13925.35568	13529.4641	13373.9848	14109.37175	10388.96495	12288.08391	13465.91394	14660.88823	13917.00768	14082.38592	12541.92405	13130.18745	12608.33138	13081.97428	13610.01631	14443.46459	13092.69876	12968.54382	13269.87782	12989.38734	14531.97783	12152.09076	13850.69554	13667.02783	12092.77398	12264.49686
